# Frame list with one line of data per frame:
#   FRAME_ID, RIG_ID, RIG_FROM_WORLD[QW, QX, QY, QZ, TX, TY, TZ], NUM_DATA_IDS, DATA_IDS[] as (SENSOR_TYPE, SENSOR_ID, DATA_ID)
# Number of frames: 13
1 1 0.93508624984759448 -0.0011591456400335755 -0.32991467074792352 0.12949390623746221 -3.3751782329412703 -1.2076424604888303 -3.3271859226878209 1 CAMERA 1 1
2 1 0.93214493936675835 0.14578777085936281 -0.31323899092416285 0.10831930781542412 -3.5356669836756303 -0.37759777480372408 -2.3333513922290541 1 CAMERA 1 2
3 1 0.86691816559137447 0.033248632078545788 -0.45688758466755625 0.19647177305974101 6.5011555534210315 0.10017295032674041 -0.16656800941683245 1 CAMERA 1 3
4 1 0.87050168182461307 0.1446398260032481 -0.44548855066842558 0.15114924378777414 -4.4716511369275178 -0.5705763392050498 -2.4654240993766265 1 CAMERA 1 4
5 1 0.97118570502302881 0.01372410714620366 0.21855449204029237 -0.094042061073605701 0.41058495723858779 0.19216396407462913 0.55782378876759731 1 CAMERA 1 5
6 1 0.99975213854028999 0.0060676895226353484 -0.021028212878333355 0.0040815304871163029 -1.354327201441335 -0.11696095861490868 -0.37903514119429665 1 CAMERA 1 6
7 1 0.99989924818720388 0.0081048112095579543 -0.011569821727842761 0.0013945375964891681 -3.5485207398308845 -0.17559858028269337 -0.68504422368430284 1 CAMERA 1 7
8 1 0.69406643271316559 0.0043258936125168453 -0.66571464338889819 0.27400198393965358 0.20005784202004484 1.328269990228669 3.4624063439702728 1 CAMERA 1 8
9 1 0.72788691653778614 0.0065223687843218988 -0.63476067241323153 0.25926238484604286 -2.130907786373422 1.3370405626800832 3.4004779694722109 1 CAMERA 1 9
10 1 0.98821680553927094 0.14853363983764425 0.01706833494834533 0.032771558224029169 -2.0714133628360298 -0.044532523742898192 1.9596929325750441 1 CAMERA 1 10
11 1 0.99441407105854718 0.014717787984504202 -0.0991115560079808 0.03318043796104593 3.2354116518244718 1.4563153052232527 3.7732831971466489 1 CAMERA 1 11
12 1 0.96700969118060653 0.14668029329142451 -0.19254579649140763 0.079393104084795343 2.7209714173195372 -0.096933314897123632 -1.7553598457011264 1 CAMERA 1 12
13 1 0.70755569658878947 -0.0065719884001645213 -0.65491447140482806 0.26534652878407128 3.2332253079397524 1.2518515141994238 3.3764713678521807 1 CAMERA 1 13
